0.pcd -2.7288e-06 6.19075e-05 0.00060834 0.999997 -0.00216441 0.000617725 -1.67404e-05
1.pcd 0.0569562 0.00907294 -0.0672814 0.992612 -0.00065986 -0.000218408 0.121332
2.pcd 0.117851 0.00797139 -0.0665197 0.972557 -0.000872463 4.01834e-05 0.232661
3.pcd 0.180718 0.0225235 -0.0676574 0.937229 -0.0048993 0.000337431 0.348679
4.pcd 0.232263 0.0480899 -0.0674005 0.895699 -0.00313344 0.0025141 0.444643
5.pcd 0.281579 0.0854303 -0.0671122 0.840836 -0.00393713 0.00306867 0.541267
6.pcd 0.314609 0.120393 -0.0706859 0.789661 -0.00442252 0.00362198 0.613517
7.pcd 0.321136 0.0906993 -0.0702974 0.731588 -0.00442993 0.00381724 0.681722
8.pcd 0.362811 -0.00884256 -0.0699416 0.663002 -0.00612979 0.00321939 0.748585
9.pcd 0.479809 -0.54703 -0.0656064 0.615188 -0.0102583 0.0016738 0.788312
10.pcd 0.620283 -1.08133 -0.0586251 0.609653 -0.00869069 -0.00243749 0.792617
11.pcd 0.775828 -1.55935 -0.0700345 0.613747 -0.00426609 0.00301176 0.789485
12.pcd 0.816837 -1.85064 -0.0757587 0.712861 -0.00334453 0.00306107 0.70129
13.pcd 0.793847 -1.92044 -0.0758847 0.78203 -0.00256051 0.00239106 0.623231
14.pcd 0.756906 -1.98712 -0.0763716 0.840017 -0.00152073 0.00293583 0.54255
15.pcd 0.6954 -2.05546 -0.0780645 0.891183 -0.00157432 0.00273716 0.453634
16.pcd 0.627576 -2.11333 -0.0804013 0.932843 -0.000162233 0.00221286 0.360276
17.pcd 0.568865 -2.13727 -0.0794816 0.961303 -0.000303528 0.00209496 0.275486
18.pcd 0.502304 -2.15357 -0.0782373 0.981927 -0.000423077 0.00153325 0.189252
19.pcd 0.415699 -2.16272 -0.0818352 0.994861 0.00140322 0.00145349 0.101226
20.pcd 0.320072 -2.14557 -0.0819053 0.999988 0.0016682 0.00216993 0.0040353
21.pcd 0.176784 -2.1244 -0.0806526 0.995565 0.00312033 0.00109908 -0.0940225
22.pcd 0.0464362 -2.07713 -0.0870497 0.98151 0.0017706 0.000234037 -0.191405
23.pcd -0.0673239 -2.00522 -0.0860153 0.958529 0.0030439 0.000537377 -0.284978
24.pcd -0.0888386 -2.00472 -0.0878253 0.984829 0.00325352 0.000591664 -0.173497
25.pcd -0.0824361 -2.01033 -0.0861794 0.99841 0.00200725 0.000493932 -0.0563236
26.pcd -0.082825 -2.00697 -0.0806699 0.99835 0.000240292 0.00141872 0.0573963
27.pcd -0.117451 -2.02937 -0.082502 0.985989 0.0012269 0.00217147 0.166789
28.pcd -0.143858 -2.067 -0.0864346 0.965883 -0.00144803 0.000769587 0.258975
29.pcd -0.173759 -2.12835 -0.0877224 0.937209 -0.0010777 0.00108882 0.348766
30.pcd -0.249394 -2.24835 -0.0909634 0.90166 -0.00215887 0.00430018 0.432419
31.pcd -0.410634 -2.53768 -0.0891294 0.858953 -0.00417267 0.0026534 0.51203
32.pcd -0.423142 -2.96443 -0.089327 0.803771 -0.00314748 0.000650917 0.59493
33.pcd -0.403343 -3.07275 -0.0898082 0.739064 -0.00370918 0.00277365 0.673619
34.pcd -0.315945 -3.36417 -0.0969823 0.807801 0.0026913 0.00339299 0.589439
35.pcd -0.347535 -3.43456 -0.0861255 0.867593 -0.0105933 0.010531 0.49705
36.pcd -0.405369 -3.46566 -0.0850641 0.919154 0.00215022 0.000379458 0.393891
37.pcd -0.463459 -3.48183 -0.0889148 0.952107 0.00237736 0.00258864 0.305744
38.pcd -0.53778 -3.50895 -0.0907169 0.978025 0.00275566 0.00113062 0.208468
39.pcd -0.611227 -3.53261 -0.0925297 0.992481 0.00378979 0.00115634 0.122331
40.pcd -0.692636 -3.55206 -0.0957942 0.999473 0.00577299 0.000174787 0.0319489
41.pcd -0.792917 -3.48881 -0.0951109 0.998186 0.00488239 0.00279117 -0.0599367
42.pcd -0.936997 -3.34841 -0.0909557 0.985273 0.00363624 0.00395303 -0.170905
43.pcd -1.04739 -3.20356 -0.0946629 0.966189 0.00315504 0.000108365 -0.257817
44.pcd -1.16642 -3.01805 -0.0901791 0.935411 0.00363707 0.00137042 -0.353542
45.pcd -1.26254 -2.8213 -0.093882 0.888634 0.00372317 0.00157401 -0.458598
46.pcd -1.34113 -2.67779 -0.090669 0.844773 0.00348009 0.00060917 -0.535113
47.pcd -1.41599 -2.50455 -0.0925163 0.794506 0.00410455 -0.000833176 -0.607242
48.pcd -1.38747 -2.2113 -0.0928487 0.737643 0.00369435 -0.00184334 -0.675178
49.pcd -1.34065 -2.08056 -0.0925702 0.668083 0.00425066 -0.00207509 -0.744072
50.pcd -1.29202 -1.98214 -0.0942611 0.591486 0.00471556 -0.00250054 -0.806298
51.pcd -1.20686 -1.88717 -0.0941966 0.501281 0.00530602 -0.00313324 -0.865263
52.pcd -1.14011 -1.83219 -0.0943178 -0.413384 -0.00524152 0.00259344 0.910538
53.pcd -1.05349 -1.78042 -0.0951896 -0.284406 -0.00562029 0.00295892 0.958683
54.pcd -0.938693 -1.75122 -0.0939887 -0.118773 -0.00535863 0.00258095 0.992904
55.pcd -0.875176 -1.75177 -0.0951427 -0.0282565 -0.00558364 0.0031202 0.99958
56.pcd -0.810847 -1.76275 -0.103244 0.0672044 -0.00648581 0.00696028 0.997694
57.pcd -0.753002 -1.78325 -0.126042 0.156064 -0.00729947 0.00226696 0.987717
58.pcd -0.661909 -1.83466 -0.163076 0.306466 -0.00369174 0.00374044 0.951867
59.pcd -0.604808 -1.89738 -0.165015 0.415764 -0.00551684 -0.000860719 0.909455
60.pcd -0.569014 -1.99779 -0.13267 0.511336 -0.00452259 9.62913e-05 0.859369
61.pcd -0.555392 -2.12141 -0.0962962 0.615925 -0.0037939 0.00438253 0.787783
62.pcd -0.564488 -2.19449 -0.0921764 0.696943 -0.00326579 0.00402097 0.717108
63.pcd -0.595977 -2.27338 -0.0894083 0.783603 -0.00254408 0.00212833 0.621253
64.pcd -0.649962 -2.33693 -0.0890689 0.857471 -0.00307628 0.00383195 0.514509
65.pcd -0.707954 -2.37756 -0.0947461 0.903767 -0.000221264 0.00359495 0.42801
66.pcd -0.775471 -2.41126 -0.0975675 0.940916 -0.000599282 0.00241309 0.338632
67.pcd -0.878828 -2.45718 -0.0960863 0.968834 0.000297919 0.00272175 0.247695
68.pcd -1.01855 -2.49577 -0.096038 0.989098 0.00126959 0.00338133 0.147217
69.pcd -1.19153 -2.50652 -0.0975687 0.999022 0.00131015 0.0019585 0.0441499
70.pcd -1.49495 -2.49325 -0.0913583 0.998597 0.00229996 0.0053105 -0.0526358
71.pcd -2.0615 -2.45893 -0.0939138 0.995702 -0.000852558 0.00203667 -0.0925878
72.pcd -2.61856 -2.43438 -0.0831632 0.996012 -0.00450019 0.00250953 -0.0890708
73.pcd -3.14571 -2.45071 -0.10245 0.996652 0.000670386 0.00274689 -0.081716
74.pcd -3.6949 -2.49855 -0.125399 0.997676 -0.00501753 0.000918548 -0.0679527
75.pcd -4.24685 -2.51827 -0.107559 0.99804 -0.00470219 0.00413603 -0.0622582
76.pcd -4.74816 -2.56711 -0.0972438 0.997508 0.00111446 0.00297641 -0.0704777
77.pcd -5.25569 -2.69371 -0.0980013 0.99654 0.00225102 0.00233641 -0.0830563
78.pcd -5.73199 -2.9056 -0.0997643 0.997426 -0.00229252 0.00299292 -0.0716026
79.pcd -6.253 -2.88245 -0.0977941 0.995704 -0.000980244 0.0035136 -0.0925233
80.pcd -6.69713 -2.60433 -0.0932218 0.994744 -0.00146193 0.0030834 -0.102335
81.pcd -7.15205 -2.38871 -0.117224 0.993601 -0.00324668 0.0027998 -0.112862
82.pcd -7.72489 -2.19742 -0.111227 0.991195 0.00101192 0.0028558 -0.132375
83.pcd -8.24119 -2.12961 -0.0996908 0.990327 -0.00137724 -0.00316736 -0.138714
84.pcd -8.80343 -2.17035 -0.114742 0.988348 -0.00248823 0.0028931 -0.152165
85.pcd -9.38217 -2.29517 -0.108409 0.98741 -0.00161759 0.00040723 -0.158174
86.pcd -9.88121 -2.42872 -0.122283 0.987631 -0.000655609 -0.00054362 -0.156795
87.pcd -10.3972 -2.61255 -0.109883 0.990187 -0.000902521 -0.00124871 -0.139739
88.pcd -10.8949 -2.81104 -0.111386 0.991731 -0.00300905 3.30363e-05 -0.128296
89.pcd -11.4139 -2.96186 -0.117368 0.99023 -0.000621126 0.00104692 -0.13944
90.pcd -11.9483 -3.08098 -0.119713 0.989598 -0.000745163 0.000523503 -0.14386
91.pcd -12.4536 -3.15108 -0.122121 0.989246 -0.000905765 -0.000976168 -0.146258
92.pcd -13.0247 -3.13912 -0.118741 0.989196 -0.00852374 0.00393099 -0.1463
93.pcd -13.5328 -3.09338 -0.119686 0.988909 -0.00501603 0.00120247 -0.148434
94.pcd -14.0667 -3.05426 -0.0977683 0.989925 -0.00773956 1.19319e-06 -0.14138
95.pcd -14.6149 -3.04813 -0.12056 0.98937 -0.00807883 -0.00047672 -0.145195
96.pcd -15.2048 -3.08048 -0.127721 0.988893 -0.00715949 0.00115683 -0.148449
97.pcd -15.8217 -3.15398 -0.121823 0.987482 -0.00440119 0.000568821 -0.157667
98.pcd -16.3194 -3.22861 -0.110853 0.987194 -0.0054981 -0.00194586 -0.15942
99.pcd -16.8969 -3.31892 -0.131557 0.987175 -0.00342668 -0.00175435 -0.159594
100.pcd -17.4924 -3.39446 -0.136575 0.987278 -0.00768349 0.00253195 -0.1588
101.pcd -18.0933 -3.44425 -0.13591 0.987367 -0.00493455 -0.00158013 -0.158368
102.pcd -18.6659 -3.49479 -0.147338 0.985993 -0.00411995 0.00145978 -0.166727
103.pcd -19.2441 -3.54805 -0.127557 0.983934 -0.00298151 -0.0014971 -0.178504
104.pcd -19.7981 -3.60041 -0.144605 0.984129 -0.00569749 0.00454991 -0.177306
105.pcd -20.3452 -3.63647 -0.145383 0.983318 -0.00402848 0.00425163 -0.1818
106.pcd -20.8966 -3.6828 -0.160262 0.982742 0.00188336 0.00220767 -0.18496
107.pcd -21.466 -3.73426 -0.151286 0.981651 -0.00322456 0.00760907 -0.190506
108.pcd -22.0163 -3.76486 -0.122082 0.983003 -0.00703775 0.00333216 -0.183422
109.pcd -22.5751 -3.78497 -0.13338 0.983093 0.000114791 -0.00090105 -0.183104
110.pcd -23.0851 -3.84501 -0.142485 0.979129 0.00436663 0.000257842 -0.203192
111.pcd -23.4155 -4.00192 -0.138871 0.995175 0.00469998 0.00345089 -0.0979411
112.pcd -23.3863 -4.02984 -0.138454 0.999931 0.004652 0.00186867 -0.0106572
113.pcd -23.3421 -4.05333 -0.137086 0.995062 0.00299314 0.00386187 0.0991348
114.pcd -23.2869 -4.06627 -0.137374 0.974368 0.00384482 0.00225815 0.224918
115.pcd -23.2284 -4.06421 -0.141596 0.936115 0.00459197 0.00310295 0.35165
116.pcd -23.177 -4.04905 -0.139264 0.883518 0.00201176 0.00172436 0.468389
117.pcd -23.1428 -4.03171 -0.137783 0.832983 0.00231739 0.00298255 0.553285
118.pcd -23.1147 -4.01892 -0.138716 0.777657 0.00169313 0.00409927 0.628674
119.pcd -23.0898 -3.99195 -0.135677 0.71568 6.78364e-05 0.00332364 0.69842
120.pcd -23.0725 -3.95472 -0.135589 0.651817 -0.000305162 0.00350199 0.758368
121.pcd -23.0705 -3.89737 -0.136588 0.544445 -0.00103883 0.00462886 0.838783
122.pcd -23.0754 -3.85449 -0.134188 0.458875 -0.00199574 0.00482053 0.888486
123.pcd -23.0829 -3.81592 -0.135785 0.379697 -0.00431485 0.00528816 0.925086
124.pcd -23.0973 -3.77314 -0.135956 0.28881 -0.00323909 0.00325912 0.957376
125.pcd -23.1219 -3.73573 -0.136453 0.195233 -0.0040913 0.00310398 0.980743
126.pcd -23.1532 -3.70322 -0.136923 0.0992598 -0.00408221 0.00239335 0.99505
127.pcd -23.1935 -3.68187 -0.135652 0.00399705 -0.00420588 0.00182569 0.999982
128.pcd -23.0885 -3.51112 -0.134784 -0.0936901 -0.00667959 0.00105357 0.995578
129.pcd -22.8162 -3.11093 -0.136687 -0.186591 -0.00424006 -0.000731795 0.982428
130.pcd -22.4549 -2.74727 -0.137473 -0.244196 -0.00481859 0.00574986 0.969697
131.pcd -22.329 -2.76593 -0.134273 -0.348936 -0.0045787 0.00332045 0.937129
132.pcd -22.3096 -2.77712 -0.135306 -0.435926 -0.00440521 0.00370076 0.899964
133.pcd -22.2234 -2.73092 -0.133306 -0.335923 -0.00489161 0.00299871 0.941872
134.pcd -22.1583 -2.70832 -0.132496 -0.239901 -0.00747875 0.00394755 0.97076
135.pcd -22.0759 -2.69853 -0.131711 -0.120967 -0.00479342 0.0028108 0.992641
136.pcd -21.9977 -2.70641 -0.131348 -0.00560001 -0.0040524 0.00294498 0.999972
137.pcd -21.9336 -2.72727 -0.130485 0.0861529 -0.00526497 0.00398967 0.99626
138.pcd -21.8556 -2.77011 -0.131533 0.17707 -0.00324909 0.0027696 0.984189
139.pcd -21.6241 -3.00734 -0.125915 0.276068 -0.00337407 0.00140068 0.961131
140.pcd -21.4593 -3.23844 -0.124494 0.365826 -0.00149489 0.00526492 0.930667
141.pcd -21.3352 -3.54816 -0.116767 0.467542 -5.02823e-05 0.00641369 0.883948
142.pcd -21.3039 -3.73496 -0.119334 0.54763 -0.00253976 0.00672825 0.836689
143.pcd -21.3111 -3.93588 -0.122001 0.635248 -0.00173916 0.00635297 0.77228
144.pcd -21.3879 -4.0559 -0.122553 0.562184 -0.00323454 0.00728495 0.826974
145.pcd -21.4125 -4.04836 -0.121968 0.473189 -0.00371954 0.00608509 0.880932
146.pcd -21.4324 -4.02856 -0.123808 0.360104 -0.00327944 0.00250915 0.932903
147.pcd -21.4725 -4.01598 -0.123012 0.22708 -0.00396303 0.00546219 0.973853
148.pcd -21.4967 -4.01315 -0.125879 0.107197 -0.00480078 0.00464148 0.994215
149.pcd -21.4948 -4.04128 -0.12299 -0.0230584 -0.00333299 0.00367019 0.999722
150.pcd -21.4373 -4.05643 -0.125359 -0.116602 -0.00360765 0.00284933 0.993168
151.pcd -21.3585 -4.05005 -0.125955 -0.216164 -0.00214374 0.00195837 0.976353
152.pcd -21.2635 -3.96151 -0.126268 -0.302192 -0.00252423 0.00193165 0.953242
153.pcd -21.0971 -3.71964 -0.123498 -0.387003 -0.00257477 -4.23771e-05 0.922075
154.pcd -21.0091 -3.51186 -0.125307 -0.480197 -0.00471162 0.00114978 0.877147
155.pcd -20.9126 -3.28746 -0.1294 0.55595 0.00731909 -0.000711404 -0.831183
156.pcd -20.743 -2.93617 -0.129826 0.639527 0.0042084 -0.00122887 -0.768756
157.pcd -20.7181 -2.85898 -0.130164 0.711885 0.00194918 -0.000380075 -0.702294
158.pcd -20.7154 -2.80207 -0.12905 0.782605 0.0019815 0.00117518 -0.622515
159.pcd -20.7261 -2.73855 -0.129092 0.840748 0.00112603 0.00114092 -0.541424
160.pcd -20.7442 -2.74634 -0.128696 0.889037 0.00170331 0.000848827 -0.457832
161.pcd -20.7326 -2.78727 -0.127509 0.940875 0.00271224 0.00159324 -0.33874
162.pcd -20.7132 -2.82535 -0.127389 0.973431 0.0011228 0.00343254 -0.228952
163.pcd -20.6776 -2.86662 -0.12674 0.994626 0.00134417 0.00460251 -0.103423
164.pcd -20.6403 -2.9029 -0.12775 0.999785 0.000467602 0.00374299 0.0203759
165.pcd -20.611 -2.93518 -0.129066 0.99309 0.000235937 0.00553262 0.117228
166.pcd -20.5831 -2.97947 -0.127936 0.976094 -0.000326846 0.00481161 0.217294
167.pcd -20.5527 -3.0212 -0.126396 0.952854 -0.000195731 0.0043925 0.303397
168.pcd -20.5142 -3.0355 -0.126665 0.922614 -0.000928587 0.00448944 0.385696
169.pcd -20.4606 -3.03263 -0.126492 0.872708 -0.00177038 0.00440258 0.48822
170.pcd -20.4086 -3.00885 -0.127097 0.800123 -0.00236147 0.00381554 0.59982
171.pcd -20.3722 -2.97524 -0.126487 0.722698 -0.00176793 0.00560463 0.691139
172.pcd -20.358 -2.94489 -0.124467 0.653415 -0.00149591 0.00507484 0.756981
173.pcd -20.372 -2.92739 -0.125126 0.572473 -0.00249043 0.00532206 0.819902
174.pcd -20.3794 -3.05487 -0.123944 0.492475 -0.00375124 0.0061754 0.870297
175.pcd -20.3773 -3.21607 -0.124457 0.395272 -0.00525876 0.00539031 0.918533
176.pcd -20.2771 -3.32385 -0.126173 0.309302 -0.00776933 0.00243029 0.950929
177.pcd -19.7173 -3.33541 -0.127805 0.256856 -0.00350062 0.00230416 0.96644
178.pcd -19.1456 -3.25147 -0.120177 0.250881 -0.00290896 0.00202166 0.968011
179.pcd -18.6329 -3.17024 -0.122373 0.247425 -0.00412654 0.00302147 0.968894
180.pcd -18.0688 -3.07654 -0.0991967 0.246642 -0.00627118 0.000883877 0.969086
181.pcd -17.5006 -2.98445 -0.0981764 0.252406 -0.00579319 -0.000156577 0.967604
182.pcd -16.9738 -2.96939 -0.112048 0.243737 -0.0041511 0.00101731 0.969832
183.pcd -16.3746 -3.02034 -0.111074 0.239431 -0.00729537 0.00197224 0.970884
184.pcd -15.8036 -3.07373 -0.113787 0.238414 -0.0052791 0.00731399 0.971122
185.pcd -15.2717 -3.12903 -0.141905 0.244147 -0.0104533 0.0100404 0.96963
186.pcd -14.7346 -3.16474 -0.127174 0.247205 -0.00724561 0.0120873 0.968861
187.pcd -14.1823 -3.16737 -0.121579 0.248152 -0.00665979 0.00797534 0.968665
188.pcd -13.6003 -3.15604 -0.121577 0.254423 -0.013348 0.00900774 0.966959
189.pcd -12.9989 -3.14523 -0.121855 0.253037 -0.00703745 0.00794528 0.967398
190.pcd -12.4991 -3.12014 -0.107011 0.260889 -0.00733984 0.00360756 0.965334
191.pcd -11.9825 -3.091 -0.106302 0.260719 -0.00708304 0.00461166 0.965378
192.pcd -11.4604 -3.07273 -0.101198 0.255201 -0.00389938 -0.00132831 0.966879
193.pcd -10.9413 -3.04414 -0.0990619 0.261454 -0.00687764 0.00236544 0.965188
194.pcd -10.3989 -3.01162 -0.0970067 0.259535 -0.00420552 0.00385965 0.965717
195.pcd -9.82946 -2.98559 -0.0805359 0.265991 -0.00564468 0.00546459 0.963943
196.pcd -9.25111 -2.95044 -0.0879091 0.270207 -0.00430921 0.00322061 0.962787
197.pcd -8.68158 -2.90644 -0.0954549 0.273761 -0.00630419 0.0028642 0.961773
198.pcd -8.10436 -2.85569 -0.088762 0.282124 -0.00395019 -0.00261617 0.959366
199.pcd -7.50532 -2.81632 -0.0900972 0.295399 -0.00171213 0.00111025 0.955372
200.pcd -6.88777 -2.78518 -0.094569 0.30264 -0.00374903 -0.00180932 0.953096
201.pcd -6.25969 -2.77482 -0.111834 0.307256 -0.00724201 0.00737928 0.951571
202.pcd -5.61603 -2.73932 -0.102884 0.307303 -0.00603535 0.00992303 0.951541
203.pcd -5.05445 -2.70044 -0.110119 0.307338 -0.00263309 0.00355902 0.95159
204.pcd -4.49512 -2.66191 -0.107663 0.3011 -0.00602691 0.00476393 0.953562
205.pcd -3.94146 -2.60597 -0.100267 0.314316 -0.00599048 0.0041383 0.949291
206.pcd -3.35485 -2.56602 -0.0939444 0.33539 -0.00465452 0.0034007 0.942062
207.pcd -2.8526 -2.5445 -0.0930558 0.348453 -0.00611733 0.00184825 0.937305
208.pcd -2.29612 -2.51716 -0.107117 0.353012 -0.0073281 0.000804128 0.93559
209.pcd -1.76529 -2.48916 -0.0862104 0.357492 -0.00436994 0.00251279 0.933902
210.pcd -1.26392 -2.47935 -0.0869188 0.356366 -0.00355922 0.0047451 0.934328
211.pcd -0.827891 -2.51574 -0.0964879 0.453064 -0.00323143 0.00377216 0.891464
212.pcd -0.83957 -2.46702 -0.0960261 0.349163 -0.00332476 0.00371961 0.937049
213.pcd -0.870708 -2.42106 -0.0963943 0.249492 -0.00319056 0.00281883 0.968367
214.pcd -0.920633 -2.37449 -0.101383 0.122537 -0.00369327 0.00186568 0.992455
215.pcd -0.97752 -2.33852 -0.102241 -0.0211376 -0.00296998 0.00302214 0.999768
216.pcd -1.03374 -2.31598 -0.102624 -0.151649 -0.00562111 0.000440857 0.988418
217.pcd -1.07533 -2.30957 -0.0993357 -0.251981 -0.00537983 0.00260658 0.967714
218.pcd -1.11752 -2.30421 -0.0948121 -0.341677 -0.00569144 0.00175297 0.939799
219.pcd -1.14224 -2.27526 -0.0943115 -0.431635 -0.00614305 0.00135776 0.902026
220.pcd -1.12876 -2.1975 -0.0964765 0.524005 0.0057682 -0.00136482 -0.851695
221.pcd -1.12851 -1.97433 -0.0974114 0.598721 0.00535226 -0.00169987 -0.800938
222.pcd -0.702114 -1.64031 -0.088661 0.632178 0.00496941 -0.00063711 -0.774807
223.pcd -0.20901 -1.41475 -0.0919052 0.616661 0.00728088 0.00110102 -0.787195
224.pcd 0.211951 -1.13906 -0.0920945 0.594262 0.0050348 0.000712243 -0.804255
225.pcd 0.0749635 -0.597946 -0.100161 0.567895 0.00708295 0.000961698 -0.82307
226.pcd -0.143474 -0.0868958 -0.0916413 0.573652 0.00616503 -0.00182342 -0.819074
227.pcd 0.161138 0.350955 -0.0894674 0.613231 0.00501149 -0.00117606 -0.789887
228.pcd 0.354659 0.813113 -0.0945691 0.595975 0.00509935 -0.00201884 -0.802984
229.pcd 0.433121 1.31441 -0.0686601 0.581474 0.00455993 -0.00188216 -0.81355
