0.pcd 2.23628e-05 3.37747e-05 0.000676231 0.999949 -0.0071359 0.0071095 1.48603e-06
1.pcd -0.225498 0.0125843 0.0950648 0.996162 -0.00614825 -0.0321939 -0.0811578
2.pcd -0.275442 0.0403713 0.104227 0.986634 0.00313891 0.000539048 -0.162921
3.pcd -0.291536 0.0706602 0.123188 0.964211 -0.000173101 0.0381276 -0.262379
4.pcd -0.268395 0.0856559 0.136643 0.936732 0.0221086 0.0446086 -0.34649
5.pcd -0.200808 0.0229625 0.155809 0.904234 0.014665 -0.00938592 -0.426682
6.pcd -0.0942718 -0.051274 0.129962 0.91913 -0.0413817 -0.075657 -0.384401
7.pcd -0.0513674 -0.0212768 0.105673 0.972508 -0.0845701 -0.0237344 -0.215666
8.pcd -0.0322172 -0.00232959 0.0963781 0.991653 -0.0317423 -0.00172317 -0.124952
9.pcd -0.0376541 0.0249968 0.0908489 0.997062 0.00833487 0.0686029 -0.0330257
10.pcd -0.115535 0.00952688 0.113051 0.994104 0.0740322 0.063999 0.0467039
11.pcd -0.211387 0.013823 0.130861 0.996646 0.0620176 0.00250111 -0.0533294
12.pcd -0.222327 0.0261746 0.13169 0.981204 -0.028519 0.0300816 -0.18847
13.pcd -0.223687 0.0329669 0.139529 0.952705 -0.0120653 0.0180625 -0.303119
14.pcd -0.212028 0.031656 0.146178 0.907318 0.00146323 0.000740492 -0.420441
15.pcd -0.144447 -0.0283069 0.133504 0.954413 -0.099164 -0.0768598 -0.270841
16.pcd -0.0984816 -0.0173349 0.112451 0.989937 -0.0400504 -0.0559986 -0.123632
17.pcd -0.0398512 -0.0104074 0.0748418 0.997896 0.0019654 0.0072312 -0.0643958
18.pcd 0.00319194 0.0164988 0.0419743 0.993187 -0.0808729 -0.0512851 -0.0663969
19.pcd 0.00621094 -0.0120115 0.0553765 0.974636 -0.124638 -0.0756303 -0.169795
20.pcd -0.108661 -0.0250704 0.077223 0.994343 -0.0362194 -0.0627926 -0.0776359
21.pcd -0.105942 0.00084654 0.0850575 0.995732 0.0460588 -0.0188936 -0.0777173
22.pcd -0.0407949 0.00108401 0.0959915 0.982783 0.141292 -0.02169 -0.117063
23.pcd 0.0215387 -0.0122934 0.0723088 0.980608 0.039166 -0.0243946 -0.190472
24.pcd 0.0171688 0.0247772 0.0607492 0.997729 0.00681705 -0.05526 -0.0378953
25.pcd 0.00584013 0.0739401 0.0544759 0.995962 0.0502481 -0.0562638 0.0486643
26.pcd -0.0977182 0.0235724 0.1134 0.997318 0.0167242 -0.0614044 -0.036142
27.pcd -0.157243 -0.0283202 0.115512 0.987725 0.0102117 -0.105987 -0.114285
28.pcd -0.0704149 -0.0185153 0.148016 0.975335 0.00312068 -0.0774989 -0.206656
29.pcd -0.0166017 -0.026449 0.158028 0.950211 -0.0320927 -0.0938419 -0.295403
30.pcd -0.0073205 -0.0563262 0.138722 0.911514 0.0227875 -0.11347 -0.394648
31.pcd 0.0371244 -0.0538305 0.0799984 0.89748 -0.0474292 -0.0653727 -0.433597
32.pcd 0.0695462 -0.0155355 0.047694 0.956203 -0.036483 -0.0418671 -0.287387
33.pcd 0.0783646 0.0117144 0.0388599 0.983637 -0.00718208 -0.0376429 -0.176039
34.pcd 0.0835658 0.0344431 0.0288162 0.99673 0.00345457 -0.0483029 -0.0646816
35.pcd 0.0855858 0.0741897 0.0151104 0.996697 -0.0586071 -0.0540122 0.0155929
36.pcd 0.0204829 0.0944156 0.0875063 0.996551 0.0115418 -0.0401873 0.0716837
37.pcd -0.107094 -0.030736 0.0824489 0.996011 0.0184959 -0.0872556 -0.00253322
38.pcd -0.202465 0.00305098 0.074987 0.994008 -0.0441479 -0.0432535 -0.090153
39.pcd -0.0593349 -0.0217371 0.0718713 0.992696 -0.0759453 0.0390628 -0.0852144
40.pcd -0.120569 -0.0395165 0.0664063 0.988305 -0.138045 -0.033451 -0.0554819
41.pcd -0.171393 -0.0136152 0.0667359 0.987947 -0.076212 -0.0147225 -0.133923
42.pcd -0.146128 -0.0116041 0.0567591 0.970121 -0.0847059 -0.0246561 -0.226013
43.pcd -0.0722614 -0.0517795 0.0712661 0.967591 -0.144196 -0.0820301 -0.190384
44.pcd -0.0860543 -0.0602559 0.0687153 0.971918 -0.189811 -0.0817612 -0.112525
45.pcd -0.153897 -0.0327596 0.0659842 0.987429 -0.122793 -0.0204853 -0.097392
46.pcd -0.173788 -0.016433 0.0679057 0.988531 -0.0495269 0.0142361 -0.141953
47.pcd -0.14966 -0.0156203 0.0615641 0.969849 -0.0395409 -0.012809 -0.240135
48.pcd -0.0944428 -0.0489594 0.073796 0.946487 -0.089284 -0.0907926 -0.296561
49.pcd -0.0810305 -0.0670431 0.0724312 0.921071 -0.232045 -0.168048 -0.263712
50.pcd -0.0857227 -0.0719231 0.0674419 0.914075 -0.302475 -0.180961 -0.200574
51.pcd -0.104706 -0.066306 0.0653639 0.943797 -0.267997 -0.132629 -0.140834
52.pcd -0.13206 -0.0519611 0.062401 0.974834 -0.184827 -0.0754067 -0.0992546
53.pcd -0.154257 -0.0372356 0.0597499 0.992428 -0.0756748 -0.0357681 -0.0898874
54.pcd -0.165882 -0.0254859 0.0622839 0.994511 0.0296712 -0.0164867 -0.0989751
55.pcd -0.147715 -0.0289912 0.0765171 0.976561 0.139398 -0.0192857 -0.162865
56.pcd -0.104848 -0.0520555 0.0849325 0.983487 0.0600687 -0.0572134 -0.160844
57.pcd -0.0839563 -0.0340326 0.076742 0.991378 -0.0431807 -0.0382274 -0.117657
58.pcd -0.00612276 -0.0375067 0.0164748 0.994234 -0.0968318 -0.0271611 -0.0372028
59.pcd 0.00959673 -0.029289 0.0317312 0.980207 -0.0872007 -0.0448339 -0.171991
60.pcd 0.020242 -0.0301948 0.0395678 0.950254 -0.0944301 -0.0810555 -0.285533
61.pcd 0.0283209 -0.0382537 0.0419129 0.918867 -0.0855849 -0.0821197 -0.376317
62.pcd 0.0170425 -0.0331026 0.0460479 0.973224 -0.0781363 -0.0810375 -0.200408
63.pcd 0.013548 -0.0173047 0.0449217 0.989792 -0.0484012 -0.0897289 -0.0995841
64.pcd -0.00247022 0.00465484 0.0412862 0.99483 -0.0509011 -0.0858959 0.0185766
65.pcd 0.0246614 -0.00231372 0.0165214 0.997182 -0.0681289 0.00324888 -0.0312285
66.pcd 0.00921734 0.00268552 -0.00743382 0.998903 -0.00808272 0.0059578 0.0457396
67.pcd -0.0845952 0.0295828 0.138693 0.990257 -0.0310738 -0.0556217 0.123823
68.pcd -0.0884253 0.00894541 0.0869679 0.969892 -0.00198462 -0.0897036 0.226406
69.pcd -0.0811197 0.0118086 0.0551722 0.952193 -0.0470438 -0.0442365 0.298594
70.pcd -0.0675306 0.000331402 0.0602848 0.975326 -0.0248943 -0.0781445 0.204969
71.pcd -0.054393 -0.0173718 0.0719967 0.996126 -0.0183047 -0.0358722 0.0781755
72.pcd -0.0493798 -0.0248659 0.0798385 0.99896 0.0381493 -0.0231421 0.00934685
73.pcd -0.0419447 -0.0374327 0.0816302 0.996435 0.0280961 0.0180458 -0.0774741
74.pcd -0.0639605 -0.0372168 0.0481661 0.999545 0.0253584 -0.00694965 0.0147819
75.pcd -0.0630047 -0.0305404 0.0457483 0.995196 0.00731994 0.0450948 0.0865881
76.pcd -0.0653792 -0.021213 0.0469636 0.975836 0.00742051 0.0404439 0.2146
77.pcd -0.0607978 -0.025844 0.0510814 0.997235 0.040604 -0.012035 0.061067
78.pcd -0.0471483 -0.0461185 0.0599037 0.997244 0.0518743 -0.0100472 -0.0520822
79.pcd -0.0416087 -0.0211381 0.0520163 0.995668 0.00112364 -0.0311169 0.0876091
80.pcd -0.0390363 0.00253536 0.0513382 0.983598 -0.0485872 -0.012591 0.173251
81.pcd -0.0258381 0.047043 0.0615056 0.961551 -0.0671732 0.0244876 0.265157
82.pcd -0.022372 -0.00167577 0.00112954 0.97907 -0.0012384 -0.0112828 0.203208
